pos	A	C	G	T
0	0.370165745856	0.182320441989	0.201657458564	0.245856353591
1	0.408839779006	0.129834254144	0.162983425414	0.298342541436
2	0.461325966851	0.0745856353591	0.10773480663	0.35635359116
3	0.455801104972	0.0801104972376	0.121546961326	0.342541436464
4	0.370165745856	0.127071823204	0.132596685083	0.370165745856
5	0.118784530387	0.118784530387	0.0828729281768	0.67955801105
6	0.0939226519337	0.0469613259669	0.690607734807	0.168508287293
7	0.085635359116	0.110497237569	0.0828729281768	0.720994475138
8	0.104972375691	0.0524861878453	0.720994475138	0.121546961326
9	0.651933701657	0.116022099448	0.135359116022	0.0966850828729
10	0.220994475138	0.157458563536	0.154696132597	0.466850828729
11	0.201657458564	0.32044198895	0.223756906077	0.254143646409
12	0.201657458564	0.25138121547	0.157458563536	0.389502762431
13	0.383977900552	0.135359116022	0.254143646409	0.226519337017
14	0.220994475138	0.21546961326	0.28729281768	0.276243093923
15	0.383977900552	0.174033149171	0.190607734807	0.25138121547
16	0.0939226519337	0.0883977900552	0.0883977900552	0.729281767956
17	0.129834254144	0.723756906077	0.0441988950276	0.102209944751
18	0.693370165746	0.085635359116	0.124309392265	0.0966850828729
19	0.174033149171	0.67679558011	0.0469613259669	0.102209944751
20	0.640883977901	0.102209944751	0.129834254144	0.127071823204
21	0.270718232044	0.190607734807	0.14364640884	0.395027624309
22	0.334254143646	0.113259668508	0.0580110497238	0.494475138122
23	0.32320441989	0.124309392265	0.0690607734807	0.483425414365
24	0.25138121547	0.151933701657	0.113259668508	0.483425414365
25	0.28729281768	0.174033149171	0.168508287293	0.370165745856
