pos	A	C	G	T
0	0.40	0.16	0.14	0.30
1	0.49	0.08	0.17	0.26
2	0.41	0.10	0.13	0.36
3	0.36	0.09	0.06	0.49
4	0.30	0.16	0.22	0.32
5	0.05	0.22	0.03	0.70
6	0.04	0.01	0.87	0.07
7	0.13	0.08	0.06	0.73
8	0.01	0.01	0.93	0.05
9	0.77	0.15	0.04	0.04
10	0.09	0.43	0.19	0.30
11	0.15	0.47	0.25	0.13
12	0.19	0.26	0.18	0.36
13	0.35	0.17	0.26	0.22
14	0.18	0.27	0.34	0.21
15	0.54	0.15	0.19	0.11
16	0.04	0.04	0.16	0.76
17	0.06	0.91	0.01	0.02
18	0.74	0.05	0.07	0.15
19	0.19	0.72	0.01	0.07
20	0.79	0.02	0.16	0.03
21	0.40	0.11	0.21	0.27
22	0.20	0.10	0.05	0.65
23	0.37	0.16	0.09	0.38
24	0.13	0.26	0.07	0.53
25	0.14	0.17	0.19	0.50
