pos	A	C	G	T
0	0.37	0.18	0.20	0.25
1	0.41	0.13	0.16	0.30
2	0.46	0.07	0.11	0.36
3	0.46	0.08	0.12	0.34
4	0.37	0.13	0.13	0.37
5	0.12	0.12	0.08	0.68
6	0.09	0.05	0.69	0.17
7	0.09	0.11	0.08	0.72
8	0.10	0.05	0.72	0.12
9	0.65	0.12	0.14	0.10
10	0.22	0.16	0.15	0.47
11	0.20	0.32	0.22	0.25
12	0.20	0.25	0.16	0.39
13	0.38	0.14	0.25	0.23
14	0.22	0.22	0.29	0.28
15	0.38	0.17	0.19	0.25
16	0.09	0.09	0.09	0.73
17	0.13	0.72	0.04	0.10
18	0.69	0.09	0.12	0.10
19	0.17	0.68	0.05	0.10
20	0.64	0.10	0.13	0.13
21	0.27	0.19	0.14	0.40
22	0.33	0.11	0.06	0.49
23	0.32	0.12	0.07	0.48
24	0.25	0.15	0.11	0.48
25	0.29	0.17	0.17	0.37
